4294967278,138
4294967278,271
4294967279,563
4294967278,290
4294967278,344
4294967279,368
4294967279,532
4294967278,342
4294967278,404
4294967278,321
4294967279,382
4294967278,341
4294967279,366
4294967279,311
4294967278,221
4294967279,222
4294967278,174
4294967278,59
4294967278,58
4294967278,55
4294967278,53
4294967278,50
4294967278,48
4294967278,45
4294967278,423
4294967278,421
4294967278,57
4294967278,54
4294967278,51
4294967279,84
4294967279,81
4294967279,79
4294967279,78
4294967279,77
4294967279,76
4294967279,75
4294967279,74
4294967279,72
4294967279,69
4294967279,67
4294967279,66
4294967279,65
4294967279,64
4294967279,61
4294967279,59
4294967279,57
4294967279,53
4294967279,51
4294967279,46
4294967279,31
4294967279,26
4294967279,24
4294967279,23
4294967279,22
4294967279,21
4294967279,14
4294967279,10
4294967279,55
4294967278,56
4294967279,374
4294967279,52
4294967294,167
493,7
4294967279,50
4294967279,49
4294967279,528
4294967279,47
493,6
493,5
493,4
493,3
493,2
493,1
4294967279,527
490,7
490,6
490,5
490,4
490,3
490,2
490,1
4294967294,474
487,7
4294967278,52
4294967278,49
4294967278,47
4294967278,46
4294967278,44
4294967278,43
4294967278,42
4294967278,41
4294967278,40
4294967278,269
4294967278,439
4294967278,417
4294967279,44
4294967279,37
4294967279,36
4294967279,35
4294967279,33
4294967279,269
4294967279,32
4294967279,30
4294967279,29
4294967279,18
4294967279,258
4294967279,16
4294967279,360
4294967279,11
4294967294,409
4294967294,412
4294967294,179
4294967279,367
4294967279,238
4294967278,233
4294967279,234
487,6
487,5
4294967278,225
487,4
487,3
487,2
487,1
4294967278,223
4294967278,369
4294967279,216
4294967279,209
4294967278,207
4294967279,207
4294967294,399
4294967294,390
484,4
484,3
484,2
484,1
4294967294,987
483,4
483,3
483,2
483,1
4294967279,189
4294967278,187
482,4
482,3
482,2
482,1
481,4
481,3
481,2
481,1
4294967279,339
480,5
480,4
480,3
480,2
480,1
4294967294,1424
479,4
479,3
479,2
479,1
4294967294,439
4294967278,418
478,5
4294967278,169
478,4
478,3
478,2
478,1
4294967278,166
4294967279,167
477,4
4294967278,165
477,3
477,2
477,1
476,4
476,3
476,2
476,1
475,6
475,5
475,4
475,3
475,2
475,1
474,4
474,3
474,2
474,1
4294967294,429
4294967294,407
4294967294,1016
473,5
473,4
473,3
473,2
473,1
4294967279,546
4294967279,362
4294967279,361
4294967278,88
4294967278,411
4294967279,359
4294967278,254
4294967278,410
4294967294,394
4294967279,558
4294967279,236
4294967279,224
4294967279,217
4294967279,530
4294967278,202
4294967279,525
4294967279,201
472,7
4294967278,409
4294967279,358
4294967278,195
4294967278,260
4294967294,120
4294967279,357
472,6
472,5
472,4
472,3
472,2
472,1
4294967278,185
4294967279,185
4294967278,183
4294967279,184
4294967279,183
4294967279,356
4294967278,170
4294967278,167
469,7
4294967279,355
4294967278,163
4294967279,164
4294967294,395
4294967294,168
4294967278,162
469,6
469,5
469,4
469,3
469,2
469,1
4294967278,325
4294967279,547
4294967278,151
4294967279,151
4294967278,147
4294967279,147
4294967279,560
466,7
466,6
466,5
466,4
466,3
466,2
466,1
4294967279,322
4294967278,366
465,5
465,4
465,2
465,1
4294967279,352
464,4
464,3
464,2
464,1
4294967279,351
4294967279,324
4294967294,462
4294967294,476
463,4
463,3
463,2
463,1
462,4
462,3
462,2
462,1
461,4
461,3
461,2
461,1
4294967278,376
4294967278,375
4294967279,520
4294967279,337
4294967278,296
4294967279,350
4294967279,349
4294967294,89
4294967294,972
4294967279,348
4294967294,386
4294967278,407
4294967279,347
4294967279,181
4294967278,179
4294967279,178
4294967279,179
4294967294,385
4294967279,346
4294967278,406
4294967278,171
4294967279,172
4294967278,405
4294967294,50
4294967294,81
4294967279,163
4294967278,403
4294967279,562
4294967279,561
4294967278,156
4294967278,374
4294967278,419
4294967279,146
4294967294,463
4294967278,139
4294967279,140
459,7
4294967294,982
4294967294,163
4294967294,1025
4294967278,136
4294967278,402
4294967294,391
4294967294,387
4294967278,134
459,6
459,5
459,4
459,2
459,1
4294967279,335
4294967279,377
458,7
458,6
4294967279,276
458,5
458,4
4294967279,255
458,3
458,2
458,1
4294967279,248
4294967294,1030
4294967278,373
4294967294,110
4294967294,413
4294967294,468
4294967278,399
455,7
4294967279,344
4294967279,213
455,6
455,5
455,4
455,3
455,2
455,1
4294967278,200
4294967279,199
4294967278,398
4294967278,397
4294967278,316
4294967278,396
4294967279,343
4294967294,164
4294967278,333
4294967279,342
450,4
450,3
450,2
450,1
4294967279,160
4294967279,223
4294967279,158
449,4
449,3
449,2
449,1
448,4
448,3
448,2
448,1
4294967278,367
4294967279,149
447,4
447,3
447,2
447,1
446,5
446,4
446,3
446,2
446,1
445,4
445,3
445,2
445,1
4294967294,1027
4294967294,472
4294967279,135
444,5
444,4
4294967279,275
444,3
444,2
444,1
4294967279,303
4294967278,272
4294967279,274
4294967279,273
443,4
443,3
443,2
443,1
442,4
442,3
442,2
442,1
4294967278,372
4294967279,285
4294967279,266
4294967278,265
441,6
4294967279,264
4294967294,115
441,5
4294967279,263
4294967278,261
441,4
441,3
441,2
441,1
4294967279,340
4294967278,259
4294967294,107
4294967294,411
4294967278,278
4294967294,94
4294967294,96
440,4
4294967278,277
440,3
440,2
440,1
4294967278,274
4294967278,276
4294967278,395
4294967279,294
439,5
439,4
439,2
439,1
0,7
4294967278,264
4294967278,394
4294967294,128
4294967294,186
4294967278,393
4294967279,338
4294967278,391
4294967278,246
4294967278,303
4294967279,557
4294967279,555
4294967278,388
4294967294,437
4294967279,554
4294967294,0
4294967294,8
4294967294,1035
4294967279,381
4294967278,371
4294967278,370
4294967278,368
4294967294,425
4294967279,553
4294967278,365
4294967279,211
4294967279,551
4294967278,334
4294967278,204
4294967278,329
4294967279,336
4294967294,9
4294967278,199
4294967279,200
4294967279,198
4294967279,516
4294967294,392
4294967294,388
4294967294,114
4294967278,313
4294967279,550
4294967279,333
4294967279,540
4294967279,330
4294967294,46
4294967294,2
4294967294,92
4294967294,91
4294967294,90
4294967294,88
4294967294,87
4294967294,86
4294967294,85
4294967294,84
4294967294,1019
4294967294,418
4294967294,1017
4294967294,29
4294967294,988
4294967294,28
4294967294,53
4294967294,1423
4294967294,45
4294967294,1420
4294967294,44
4294967294,40
4294967294,38
4294967294,37
4294967279,549
4294967294,93
4294967294,95
4294967294,1422
4294967294,36
4294967294,39
4294967294,473
4294967294,27
4294967294,17
4294967294,42
4294967294,67
4294967294,99
4294967294,76
4294967294,41
4294967294,1421
4294967294,43
4294967294,416
4294967294,51
4294967294,52
4294967294,25
4294967294,989
4294967294,26
4294967294,1038
4294967294,82
4294967294,1022
4294967294,83
4294967278,299
4294967278,331
4294967294,7
4294967278,132
4294967278,131
4294967278,130
4294967278,129
4294967278,128
4294967278,127
4294967278,126
4294967278,0
4294967278,125
4294967278,124
4294967278,123
4294967278,122
4294967278,121
4294967278,120
4294967278,119
4294967278,118
4294967278,117
4294967278,116
4294967278,115
4294967278,114
4294967278,113
4294967278,112
4294967278,111
4294967278,110
4294967278,109
4294967278,108
4294967278,107
4294967278,106
4294967278,105
4294967278,104
4294967278,103
4294967278,102
4294967278,101
4294967278,100
4294967278,99
4294967278,98
4294967278,97
4294967278,96
4294967278,95
4294967278,94
4294967278,93
4294967278,92
4294967278,91
4294967278,90
4294967278,89
4294967278,87
4294967278,86
4294967278,85
4294967278,84
4294967278,83
4294967278,82
4294967278,81
4294967278,80
4294967278,79
4294967278,78
4294967278,77
4294967278,76
4294967278,75
4294967278,74
4294967278,73
4294967278,72
4294967278,71
4294967278,70
4294967278,69
4294967278,68
4294967278,67
